2125.61710 17.384 0.028
2129.69151 17.768 0.021
2132.63307 18.387 0.035
2136.53720 18.047 0.034
2141.54891 17.408 0.016
2144.63908 17.545 0.018
2160.60661 17.435 0.021
2175.64462 17.449 0.030
2211.50155 17.565 0.037
2347.83310 18.059 0.030
2357.86063 17.446 0.017
2372.84851 17.498 0.019
2383.81116 18.342 0.032
2388.79100 17.639 0.023
2390.81391 17.512 0.021
2397.69809 17.957 0.027
2401.82974 18.295 0.034
2403.90672 17.974 0.025
2405.89412 17.573 0.022
2411.73437 17.519 0.016
2414.89346 18.086 0.034
2416.85139 18.364 0.038
2424.81876 17.461 0.020
2428.84738 17.554 0.021
2432.86085 18.380 0.069
2434.74572 18.305 0.032
2436.79442 18.087 0.029
2438.75519 17.620 0.021
2441.73288 17.451 0.016
2445.63929 17.515 0.018
2448.65746 18.088 0.069
2455.69702 17.634 0.020
2459.61703 17.478 0.015
2463.54835 17.714 0.025
2466.64456 18.364 0.040
2468.67485 18.316 0.027
2470.65719 18.017 0.025
2472.68536 17.582 0.018
2481.56470 18.104 0.039
2484.62727 18.244 0.037
2486.71924 18.038 0.036
2490.68743 17.470 0.021
2493.64898 17.371 0.018
2495.74759 17.575 0.024
2498.51445 18.074 0.023
2499.47587 18.286 0.038
2500.48648 18.268 0.038
2500.55895 18.284 0.030
2501.48107 18.255 0.045
2502.49242 18.222 0.036
2502.57015 18.175 0.032
2503.47314 18.114 0.104
2508.48357 17.428 0.021
2508.67045 17.464 0.023
2509.56464 17.396 0.037
2512.61682 17.525 0.023
2517.57069 18.307 0.039
2520.58605 18.032 0.028
2528.49129 17.490 0.023
2538.49773 17.835 0.028
2542.52502 17.412 0.023
2552.49897 18.162 0.040
2556.58312 17.589 0.027
2563.49754 17.650 0.025
2575.52602 17.513 0.027
2707.86703 17.546 0.018
2714.90635 17.674 0.019
2729.84030 17.503 0.020
2733.92049 18.277 0.047
2744.91804 17.407 0.016
2753.89295 18.217 0.037
2757.80446 17.557 0.020
2761.82156 17.385 0.019
2767.79686 18.326 0.046
2775.72593 17.519 0.026
2783.82991 18.074 0.028
2785.75551 18.287 0.036
2787.60584 18.180 0.043
2789.76255 17.791 0.022
2791.71899 17.571 0.019
2794.93383 17.414 0.023
2796.83267 17.524 0.018
2797.89390 17.631 0.020
2809.72175 17.459 0.022
2811.64610 17.344 0.019
2812.72061 17.398 0.018
2813.82989 17.494 0.019
2814.75341 17.598 0.020
2816.61806 17.990 0.025
2818.58938 18.307 0.033
2820.79598 18.208 0.037
2826.75946 17.447 0.016
2835.64360 18.313 0.049
2837.64037 18.297 0.059
2839.71283 17.876 0.029
2841.72214 17.533 0.019
2843.64864 17.435 0.019
2845.65931 17.354 0.018
2850.52730 18.106 0.030
2852.53967 18.212 0.043
2854.54339 18.215 0.036
2856.73377 17.843 0.036
2858.68638 17.551 0.037
2862.59907 17.419 0.023
2865.70264 17.757 0.029
2868.58885 18.311 0.032
2879.63543 17.384 0.018
2884.66577 18.338 0.045
2892.65412 17.512 0.029
2895.62782 17.413 0.019
2900.55607 18.126 0.038
2906.50795 17.830 0.030
2911.53215 17.374 0.021
2918.55613 18.396 0.055
2930.57528 17.489 0.029
3051.88680 18.203 0.049
3064.82169 17.548 0.023
3067.89512 18.230 0.029
3070.85666 18.188 0.041
3073.81211 17.698 0.023
3075.85079 17.427 0.019
3079.89533 17.394 0.022
3079.91117 17.370 0.024
3080.82744 17.480 0.019
3080.87253 17.483 0.018
3080.89626 17.489 0.017
3080.90975 17.482 0.019
3081.79722 17.602 0.021
3081.84116 17.619 0.019
3081.91281 17.565 0.027
3082.84337 17.817 0.022
3082.88252 17.849 0.021
3083.80691 18.066 0.024
3083.86835 18.049 0.026
3084.78460 18.238 0.032
3084.86729 18.226 0.027
3085.78834 18.329 0.029
3085.85863 18.225 0.029
3086.84025 18.213 0.027
3088.79775 18.049 0.024
3089.90698 17.793 0.021
3091.82721 17.524 0.017
3096.86532 17.382 0.018
3098.85277 17.715 0.019
3100.80630 18.154 0.030
3101.92005 18.296 0.045
3103.77757 18.190 0.035
3108.77013 17.488 0.017
3109.80230 17.451 0.016
3110.83670 17.388 0.017
3112.79505 17.388 0.015
3113.87598 17.497 0.016
3114.78685 17.588 0.017
3115.87032 17.750 0.020
3116.92578 18.041 0.030
3122.91284 17.861 0.026
3125.87316 17.458 0.020
3126.89877 17.397 0.016
3127.80962 17.350 0.017
3128.82265 17.337 0.016
3130.70056 17.491 0.022
3134.82220 18.249 0.037
3135.90191 18.290 0.036
3138.70364 17.997 0.030
3139.88091 17.740 0.020
3140.88069 17.503 0.017
3142.76893 17.456 0.017
3144.78990 17.308 0.016
3146.81256 17.424 0.018
3151.75252 18.222 0.035
3151.90520 18.311 0.040
3152.75662 18.170 0.033
3153.76052 18.188 0.037
3154.82208 18.143 0.035
3156.84177 17.733 0.025
3158.91588 17.495 0.033
3162.81676 17.335 0.018
3163.62966 17.390 0.015
3163.65141 17.390 0.015
3164.73902 17.525 0.017
3165.75915 17.729 0.017
3166.90431 17.968 0.043
3168.75235 18.228 0.030
3169.72865 18.208 0.029
3170.80575 18.163 0.025
3171.82850 18.002 0.021
3172.75544 17.871 0.020
3174.71241 17.515 0.016
3175.72170 17.481 0.016
3177.75889 17.371 0.021
3178.78541 17.360 0.014
3179.79515 17.389 0.016
3180.72405 17.486 0.014
3182.77501 17.823 0.022
3183.74360 18.052 0.028
3184.70142 18.256 0.027
3185.75408 18.268 0.035
3193.53962 17.405 0.016
3194.59822 17.302 0.018
3195.64553 17.324 0.013
3195.80321 17.315 0.015
3196.54866 17.331 0.017
3197.51617 17.498 0.018
3199.62603 17.864 0.022
3201.51783 18.150 0.029
3202.57222 18.199 0.028
3203.66177 18.146 0.025
3204.65608 18.059 0.024
3205.76972 18.000 0.023
3206.72056 17.769 0.025
3210.54802 17.376 0.021
3211.58637 17.314 0.016
3217.65498 18.075 0.036
3218.65338 18.197 0.040
3219.60924 18.287 0.051
3223.65456 17.677 0.026
3224.70008 17.500 0.018
3226.61742 17.396 0.019
3228.60383 17.340 0.017
3229.63630 17.327 0.015
3230.66988 17.426 0.017
3238.62228 18.050 0.028
3239.70096 17.904 0.030
3240.68209 17.670 0.027
3241.65702 17.506 0.020
3245.55687 17.337 0.019
3246.66059 17.397 0.023
3247.62676 17.434 0.020
3249.52877 17.774 0.024
3250.66144 18.114 0.038
3253.52921 18.313 0.030
3256.63849 17.921 0.032
3267.53456 18.128 0.033
3267.58718 18.089 0.030
3268.55269 18.208 0.033
3272.58998 17.944 0.033
3275.57296 17.482 0.024
3278.60182 17.424 0.022
3282.57586 17.760 0.018
3288.54839 18.117 0.034
3293.51903 17.434 0.014
3295.52921 17.349 0.012
3299.55349 17.853 0.017
3306.52620 17.880 0.051
3314.50326 17.529 0.036
3408.89305 17.467 0.028
3414.86864 17.474 0.020
3421.90025 18.217 0.029
3422.87458 18.102 0.028
3426.86572 17.471 0.018
3429.85652 17.354 0.018
3432.89116 17.819 0.028
3442.89366 17.501 0.017
3445.80640 17.334 0.013
3447.85704 17.471 0.018
3449.86967 17.904 0.021
3452.89025 18.275 0.025
3455.82450 18.026 0.039
3457.85803 17.592 0.018
3459.85318 17.503 0.019
3467.88304 18.146 0.024
3468.79160 18.331 0.029
3468.86544 18.316 0.027
3468.91501 18.278 0.028
3469.78897 18.313 0.027
3470.80188 18.234 0.024
3471.92829 18.103 0.046
3472.76436 18.008 0.024
3473.78413 17.826 0.022
3474.78079 17.548 0.018
3475.80638 17.428 0.015
3476.90635 17.446 0.014
3477.76819 17.357 0.014
3479.76705 17.415 0.013
3480.72717 17.468 0.015
3481.74511 17.540 0.016
3482.72186 17.712 0.020
3496.72465 17.348 0.017
3497.79621 17.470 0.018
3498.92050 17.579 0.023
3499.86734 17.802 0.020
3500.73356 18.056 0.023
3501.66786 18.224 0.032
3501.72784 18.214 0.030
3502.62798 18.408 0.037
3503.63626 18.319 0.032
3504.66647 18.169 0.035
3506.73149 17.940 0.020
3506.87247 17.893 0.021
3508.66022 17.510 0.023
3508.82289 17.485 0.017
3509.60582 17.438 0.020
3510.75895 17.410 0.016
3510.92411 17.372 0.016
3511.59580 17.379 0.024
3511.61492 17.346 0.022
3511.64734 17.381 0.016
3511.68168 17.341 0.015
3511.68483 17.390 0.016
3511.73442 17.306 0.016
3511.76343 17.307 0.015
3511.79170 17.309 0.014
3511.82381 17.329 0.014
3511.86557 17.274 0.014
3511.89476 17.341 0.016
3511.93323 17.300 0.015
3512.59729 17.317 0.022
3512.63626 17.308 0.021
3512.68902 17.350 0.017
3512.72077 17.302 0.018
3512.75653 17.333 0.017
3512.80402 17.338 0.017
3512.84434 17.361 0.019
3512.88316 17.360 0.019
3512.93246 17.398 0.019
3517.63912 18.139 0.044
3517.69294 17.991 0.057
3517.78536 18.092 0.030
3520.58893 18.284 0.036
3520.65852 18.289 0.032
3520.76641 18.217 0.029
3520.86005 18.253 0.034
3520.91701 18.233 0.043
3521.61400 18.208 0.027
3521.72315 18.159 0.023
3521.85065 18.176 0.032
3522.58631 18.087 0.023
3522.69845 18.031 0.020
3522.71928 18.044 0.019
3522.75112 18.040 0.020
3522.92453 18.001 0.027
3522.94235 18.075 0.035
3523.60753 17.887 0.024
3523.68553 17.845 0.021
3523.75631 17.867 0.017
3523.84705 17.838 0.026
3524.58130 17.639 0.018
3524.61032 17.658 0.018
3524.66312 17.618 0.017
3524.75557 17.575 0.018
3524.80798 17.608 0.020
3524.87994 17.615 0.021
3525.57197 17.522 0.019
3525.64512 17.493 0.015
3525.75447 17.512 0.015
3525.81323 17.498 0.016
3525.92114 17.525 0.021
3526.65870 17.423 0.019
3526.75743 17.466 0.015
3526.87898 17.483 0.017
3526.94529 17.489 0.034
3527.59253 17.377 0.014
3527.71672 17.391 0.013
3527.82177 17.359 0.016
3527.87458 17.363 0.019
3527.92177 17.378 0.024
3528.56114 17.341 0.017
3528.67837 17.342 0.013
3528.79617 17.351 0.016
3528.92649 17.384 0.023
3529.57218 17.393 0.017
3529.70064 17.384 0.012
3529.86606 17.423 0.016
3530.56135 17.464 0.016
3530.61577 17.469 0.013
3530.68957 17.450 0.013
3530.78452 17.430 0.013
3530.85065 17.471 0.013
3530.92842 17.425 0.013
3533.59907 17.889 0.023
3536.87278 18.258 0.035
3537.67878 18.212 0.032
3538.61228 18.212 0.029
3539.61917 18.060 0.039
3540.65559 17.847 0.021
3541.78595 17.621 0.021
3542.84134 17.489 0.040
3544.62268 17.335 0.019
3546.84966 17.402 0.025
3547.81395 17.485 0.022
3549.84397 17.749 0.024
3550.64041 17.980 0.022
3551.64101 18.191 0.021
3552.67633 18.236 0.028
3553.72573 18.230 0.036
3553.78070 18.255 0.040
3553.79268 18.442 0.054
3553.80731 18.244 0.050
3553.82570 18.330 0.053
3553.83747 18.259 0.048
3554.56916 18.087 0.041
3554.58394 18.177 0.042
3554.59615 18.214 0.032
3554.61166 18.109 0.027
3554.62266 18.191 0.036
3554.63207 18.184 0.036
3554.64387 18.123 0.036
3554.65571 18.175 0.038
3554.66426 18.157 0.034
3554.68329 18.180 0.029
3554.69832 18.232 0.034
3554.71358 18.230 0.035
3554.72863 18.169 0.032
3554.74346 18.207 0.032
3554.76366 18.152 0.028
3554.78342 18.255 0.036
3554.80587 18.158 0.030
3554.82612 18.203 0.043
3554.85024 18.182 0.039
3554.86473 18.182 0.043
3555.64890 18.109 0.025
3555.68260 18.094 0.029
3555.76892 18.155 0.034
3556.55101 17.936 0.038
3556.65153 17.925 0.021
3556.76215 17.923 0.025
3556.83450 17.882 0.034
3558.46492 17.577 0.024
3558.53571 17.565 0.019
3558.74593 17.559 0.019
3558.83441 17.506 0.020
3559.48117 17.585 0.027
3559.56612 17.481 0.017
3559.70436 17.495 0.015
3560.46747 17.456 0.020
3560.60571 17.457 0.016
3560.69921 17.413 0.015
3560.82685 17.411 0.017
3561.46098 17.373 0.032
3561.62731 17.398 0.014
3561.75365 17.348 0.014
3562.46849 17.334 0.017
3562.59411 17.348 0.019
3562.76025 17.363 0.015
3563.48140 17.352 0.016
3563.64485 17.376 0.016
3563.77653 17.355 0.017
3564.51598 17.480 0.025
3564.64065 17.467 0.015
3564.73548 17.482 0.020
3564.78499 17.438 0.020
3564.80061 17.530 0.022
3565.48063 17.601 0.028
3568.78805 18.181 0.029
3569.47465 18.172 0.079
3569.56798 18.307 0.035
3573.66289 17.858 0.027
3574.69430 17.639 0.019
3575.54180 17.491 0.015
3575.77840 17.522 0.019
3576.69564 17.476 0.018
3577.59578 17.412 0.016
3578.68040 17.341 0.013
3579.62591 17.335 0.014
3580.65910 17.414 0.015
3581.67894 17.516 0.015
3582.65083 17.671 0.016
3583.64121 17.876 0.019
3583.76112 17.904 0.033
3584.64988 18.121 0.023
3584.76451 18.173 0.028
3585.64022 18.281 0.026
3586.72531 18.328 0.027
3589.67885 18.028 0.020
3590.66280 17.825 0.018
3591.68636 17.649 0.016
3593.75331 17.499 0.020
3594.71550 17.410 0.015
3601.66402 18.219 0.035
3602.62463 18.386 0.039
3603.64466 18.407 0.040
3607.64301 17.706 0.018
3608.65839 17.528 0.017
3615.58614 17.612 0.017
3618.58774 18.303 0.035
3620.55096 18.238 0.024
3622.52879 18.138 0.034
3628.60498 17.397 0.020
3630.54432 17.400 0.022
3632.59599 17.673 0.027
3634.49507 18.097 0.030
3639.55395 18.068 0.022
3641.55237 17.597 0.027
3644.51274 17.407 0.018
3648.54449 17.537 0.022
3650.59299 18.026 0.036
3654.54854 18.240 0.048
3656.52980 18.010 0.034
3658.56165 17.505 0.028
3660.53426 17.404 0.023
3664.53801 17.431 0.019
3669.53758 18.268 0.046
3675.51634 17.531 0.027
3776.87514 17.517 0.020
3782.85981 17.627 0.021
3784.88513 18.113 0.028
3788.85253 18.116 0.036
3790.89494 17.845 0.026
3793.86225 17.496 0.016
3795.84966 17.363 0.019
3798.81286 17.488 0.017
3799.83703 17.647 0.022
3800.83197 17.887 0.026
3801.89146 18.171 0.030
3802.85704 18.293 0.034
3803.89230 18.280 0.030
3805.80876 18.195 0.036
3806.77503 18.033 0.030
3807.79413 17.769 0.027
3808.80181 17.592 0.022
3809.88692 17.471 0.018
3810.85354 17.466 0.018
3811.84514 17.388 0.017
3812.84124 17.367 0.020
3813.83416 17.373 0.016
3814.83305 17.450 0.018
3817.86456 18.008 0.033
3818.89369 18.223 0.027
3819.81139 18.353 0.027
3820.77803 18.301 0.028
3821.78118 18.219 0.027
3822.82057 18.066 0.025
3823.78076 17.991 0.029
3824.74695 17.716 0.025
3825.81181 17.538 0.019
3826.74033 17.436 0.018
3827.80814 17.421 0.015
3828.78275 17.351 0.018
3829.76494 17.351 0.017
3830.74128 17.380 0.016
3831.91478 17.473 0.015
3832.75184 17.577 0.017
3833.76503 17.741 0.019
3834.75076 18.001 0.024
3834.92165 18.011 0.035
3835.73984 18.186 0.033
3836.77089 18.261 0.039
3837.73824 18.229 0.039
3837.91014 18.136 0.027
3838.75003 18.148 0.040
3838.91735 18.221 0.037
3839.74580 18.070 0.034
3840.71179 17.889 0.029
3840.91674 17.861 0.025
3841.75031 17.641 0.022
3841.90104 17.643 0.021
3842.85368 17.467 0.017
3845.72583 17.383 0.024
3845.91657 17.331 0.018
3846.73652 17.358 0.014
3846.92882 17.346 0.017
3847.80260 17.380 0.019
3848.75757 17.453 0.016
3849.75672 17.649 0.018
3850.70075 17.841 0.021
3850.87249 17.833 0.023
3851.71590 18.057 0.027
3851.88079 18.118 0.028
3851.92689 18.119 0.030
3852.70447 18.216 0.032
3852.87571 18.230 0.029
3853.69289 18.303 0.027
3853.86119 18.235 0.027
3853.93198 18.265 0.033
3856.68292 18.025 0.025
3856.84968 18.044 0.024
3857.92060 17.822 0.024
3858.76930 17.549 0.014
3859.80750 17.498 0.017
3860.67702 17.495 0.018
3860.91585 17.456 0.019
3861.67507 17.417 0.017
3861.77866 17.372 0.014
3862.70777 17.363 0.014
3862.87080 17.328 0.015
3863.64580 17.327 0.016
3863.85989 17.332 0.013
3864.68273 17.410 0.017
3864.87280 17.397 0.014
3864.93174 17.402 0.014
3865.69355 17.483 0.018
3865.83029 17.530 0.018
3865.90706 17.520 0.016
3866.69202 17.618 0.018
3866.83148 17.657 0.018
3866.91039 17.718 0.017
3867.63487 17.844 0.026
3867.82053 17.895 0.027
3867.89358 17.912 0.023
3868.71798 18.106 0.036
3868.86965 18.141 0.038
3869.69778 18.235 0.034
3869.87874 18.264 0.043
3872.89511 18.124 0.033
3873.65067 18.035 0.025
3873.79274 17.988 0.024
3873.86547 17.945 0.027
3873.93508 17.958 0.030
3874.74977 17.790 0.023
3875.66344 17.584 0.014
3875.81884 17.572 0.017
3875.90984 17.517 0.017
3876.64064 17.531 0.014
3877.63877 17.478 0.016
3877.79011 17.443 0.014
3877.86400 17.448 0.016
3880.61183 17.362 0.015
3880.83967 17.351 0.016
3880.91843 17.399 0.016
3881.66883 17.465 0.016
3881.88032 17.454 0.015
3881.92708 17.455 0.016
3882.75711 17.534 0.017
3882.83138 17.560 0.018
3882.90021 17.551 0.017
3883.64650 17.678 0.023
3883.84419 17.710 0.017
3886.60859 18.282 0.034
3886.80136 18.258 0.026
3886.87322 18.288 0.037
3887.58191 18.281 0.038
3887.78455 18.244 0.026
3887.88411 18.246 0.033
3888.59798 18.238 0.030
3889.66439 18.061 0.023
3889.94261 18.085 0.037
3890.64956 17.947 0.023
3891.67402 17.736 0.022
3891.80226 17.729 0.020
3891.88424 17.679 0.022
3892.57560 17.587 0.027
3892.94155 17.594 0.024
3893.62782 17.512 0.018
3893.86966 17.490 0.021
3894.67823 17.438 0.019
3896.61582 17.325 0.023
3900.53709 17.781 0.029
3900.72351 17.787 0.021
3900.80213 17.802 0.023
3900.87078 17.801 0.025
3901.54724 18.010 0.027
3901.72859 17.991 0.028
3901.80583 18.036 0.032
3901.87478 18.032 0.037
3902.56993 18.242 0.029
3902.74944 18.217 0.028
3902.86841 18.281 0.042
3903.66106 18.243 0.028
3904.55825 18.209 0.028
3904.72127 18.246 0.027
3904.79034 18.143 0.026
3904.89248 18.177 0.034
3905.55498 18.152 0.026
3905.73167 18.175 0.024
3905.80170 18.154 0.023
3905.87027 18.099 0.028
3906.56951 18.035 0.028
3906.71012 18.080 0.024
3906.78247 18.052 0.026
3906.86169 18.093 0.033
3907.60029 17.909 0.024
3907.78250 17.902 0.036
3907.86706 17.876 0.037
3908.53638 17.702 0.022
3908.72205 17.628 0.019
3908.80212 17.629 0.018
3908.88171 17.694 0.021
3909.53824 17.502 0.018
3909.72098 17.506 0.014
3909.81142 17.490 0.015
3909.88771 17.478 0.021
3910.57469 17.464 0.017
3912.53735 17.383 0.013
3912.72473 17.326 0.012
3912.81864 17.357 0.014
3913.52887 17.358 0.014
3913.73429 17.340 0.016
3913.82321 17.345 0.013
3914.55264 17.378 0.017
3915.53036 17.432 0.017
3915.73238 17.457 0.016
3915.83058 17.502 0.017
3916.56905 17.586 0.020
3916.81298 17.633 0.020
3917.61779 17.800 0.025
3917.82353 17.899 0.027
3918.61112 18.057 0.033
3918.82125 18.094 0.034
3919.54938 18.027 0.032
3919.75800 18.146 0.025
3920.51573 18.267 0.040
3920.71181 18.180 0.029
3920.79718 18.169 0.026
3921.51190 18.211 0.032
3921.71115 18.165 0.043
3921.72563 18.174 0.040
3922.71556 18.165 0.039
3930.54881 17.369 0.016
3930.79059 17.414 0.025
3931.50444 17.389 0.018
3932.53202 17.449 0.018
3932.80377 17.507 0.020
3933.51844 17.593 0.018
3933.70290 17.689 0.017
3933.77490 17.683 0.020
3934.49233 17.873 0.022
3934.66238 17.925 0.021
3934.73222 17.934 0.021
3935.54223 18.105 0.029
3935.71356 18.086 0.030
3935.81110 18.288 0.041
3936.49561 18.190 0.037
3936.66111 18.203 0.028
3936.73748 18.231 0.036
3937.55987 18.237 0.039
3938.50338 18.223 0.041
3938.69838 18.208 0.028
3938.80354 18.324 0.046
3940.58804 17.957 0.026
3941.70466 17.820 0.024
3944.55594 17.412 0.016
3944.75630 17.349 0.016
3945.78420 17.346 0.018
3946.51507 17.302 0.018
3946.70728 17.301 0.015
3950.52381 17.692 0.019
3950.73886 17.745 0.023
3951.51657 17.972 0.028
3951.74782 17.929 0.030
3956.56974 18.218 0.042
3957.50816 18.073 0.039
3958.57897 17.722 0.021
3959.51173 17.568 0.020
3959.68615 17.507 0.019
3960.50097 17.482 0.016
3960.68007 17.480 0.015
3961.57227 17.401 0.019
3963.53360 17.339 0.015
3963.71100 17.354 0.017
3964.52870 17.329 0.014
3965.51313 17.416 0.015
3965.70443 17.452 0.015
3966.48831 17.549 0.019
3966.69006 17.551 0.019
3967.52267 17.741 0.023
3967.71549 17.824 0.022
3968.50079 17.995 0.028
3968.67075 17.959 0.027
3969.48241 18.212 0.035
3969.68309 18.272 0.033
3970.51155 18.262 0.038
3970.69014 18.271 0.029
3971.55540 18.311 0.040
3973.58160 18.137 0.029
3974.51087 17.942 0.025
3974.69743 17.948 0.033
3975.51377 17.653 0.018
3975.68559 17.655 0.024
3976.50833 17.523 0.016
3976.68438 17.495 0.025
3979.51057 17.388 0.035
3982.57121 17.439 0.019
3983.52886 17.659 0.033
3986.58566 18.246 0.041
3987.50800 18.352 0.040
3988.52093 18.216 0.025
3989.53152 18.275 0.034
3990.54835 18.041 0.028
3991.50409 17.829 0.024
3993.55583 17.535 0.020
3994.56650 17.472 0.020
3995.57406 17.339 0.014
3999.61142 17.518 0.020
4002.50083 18.182 0.034
4003.49504 18.289 0.032
4004.52914 18.286 0.032
4006.52207 18.190 0.034
4012.50201 17.376 0.021
4016.51765 17.565 0.024
4018.55541 17.956 0.032
4020.54065 18.247 0.039
4023.54098 18.037 0.037
4025.56038 17.748 0.026
4028.49978 17.409 0.022
4031.49990 17.333 0.020
4038.50523 18.349 0.057
4040.51963 17.962 0.046
4043.51205 17.467 0.032
4141.87980 17.909 0.029
4150.89500 17.686 0.039
4153.88292 18.298 0.037
4156.86131 18.137 0.037
4158.88088 17.863 0.027
4161.84885 17.541 0.024
4163.83171 17.399 0.021
4165.81315 17.466 0.033
4168.81030 17.944 0.030
4170.80228 18.209 0.074
4175.79289 17.877 0.028
4176.90424 17.597 0.020
4178.80800 17.499 0.020
4179.85231 17.420 0.017
4181.78873 17.414 0.021
4182.83368 17.493 0.017
4183.86981 17.563 0.020
4184.91044 17.809 0.020
4189.84565 18.207 0.038
4191.81073 17.947 0.041
4193.74509 17.599 0.036
4194.79064 17.517 0.021
4196.78072 17.386 0.021
4202.76224 18.011 0.026
4203.75026 18.252 0.027
4204.74254 18.342 0.039
4204.92483 18.324 0.040
4205.73906 18.304 0.032
4207.72853 18.113 0.032
4208.75063 17.957 0.025
4211.79479 17.538 0.021
4212.87196 17.459 0.022
4213.71516 17.419 0.020
4213.91873 17.381 0.017
4215.74785 17.445 0.019
4216.70564 17.512 0.020
4217.71308 17.697 0.021
4217.91673 17.679 0.019
4218.76271 17.876 0.033
4219.76364 18.103 0.034
4220.70560 18.248 0.041
4222.67432 18.221 0.049
4222.92180 18.189 0.035
4224.78781 17.967 0.033
4228.68320 17.488 0.020
4228.91679 17.498 0.024
4229.63892 17.452 0.025
4229.67688 17.439 0.024
4229.87385 17.431 0.019
4230.68656 17.390 0.017
4230.87463 17.361 0.019
4230.93953 17.367 0.035
4231.62893 17.394 0.020
4231.77314 17.402 0.018
4231.89733 17.427 0.022
4232.68098 17.437 0.023
4232.84201 17.485 0.029
4233.81627 17.575 0.023
4234.71444 17.730 0.024
4235.64246 17.981 0.030
4235.80369 18.020 0.025
4235.89612 18.035 0.027
4238.62838 18.304 0.053
4238.88080 18.365 0.048
4239.63511 18.226 0.038
4240.68249 18.180 0.037
4240.81973 18.147 0.032
4243.64830 17.519 0.022
4243.74101 17.507 0.019
4243.83477 17.504 0.022
4244.62065 17.506 0.024
4244.71689 17.508 0.019
4244.80969 17.472 0.019
4245.61373 17.500 0.020
4245.70764 17.449 0.017
4245.80347 17.445 0.017
4246.67204 17.422 0.018
4246.76491 17.381 0.018
4246.85824 17.396 0.020
4247.68726 17.363 0.017
4247.83087 17.388 0.017
4250.73542 17.655 0.023
4251.80699 17.885 0.041
4256.62311 18.174 0.050
4256.76913 18.157 0.043
4257.65477 18.095 0.034
4258.63816 17.906 0.033
4258.76065 17.918 0.027
4258.85477 17.881 0.032
4267.59874 17.654 0.023
4268.56196 17.899 0.029
4268.84482 17.931 0.027
4269.58117 18.084 0.029
4269.70169 18.098 0.027
4269.79097 18.141 0.027
4270.57471 18.336 0.039
4272.60306 18.330 0.037
4272.75221 18.306 0.036
4272.81145 18.309 0.038
4272.88300 18.241 0.049
4273.62018 18.283 0.043
4273.80082 18.130 0.037
4273.86198 18.235 0.053
4274.55282 18.084 0.038
4274.70657 18.059 0.037
4274.76771 18.064 0.034
4274.82612 18.074 0.041
4275.60526 17.858 0.026
4275.78061 17.807 0.029
4275.84171 17.776 0.035
4276.59004 17.607 0.025
4277.53384 17.492 0.029
4277.71076 17.476 0.019
4277.76945 17.532 0.024
4277.82806 17.472 0.029
4278.57872 17.464 0.026
4278.75489 17.466 0.025
4283.51325 17.502 0.025
4283.73356 17.496 0.024
4284.50820 17.660 0.027
4284.69878 17.649 0.023
4284.76111 17.673 0.023
4284.82593 17.738 0.039
4285.51129 17.937 0.040
4285.69941 17.916 0.028
4285.76585 17.893 0.027
4285.83117 17.972 0.034
4286.51098 18.136 0.040
4286.81178 18.180 0.048
4289.51880 18.334 0.043
4289.73733 18.256 0.041
4289.80246 18.251 0.039
4290.56510 18.190 0.040
4291.62769 17.976 0.026
4292.49335 17.811 0.024
4292.67255 17.786 0.022
4292.73113 17.755 0.022
4292.78967 17.783 0.024
4293.49368 17.586 0.021
4293.71829 17.518 0.018
4293.77710 17.537 0.020
4294.49286 17.502 0.022
4295.49997 17.495 0.020
4295.69800 17.460 0.015
4295.75658 17.471 0.017
4296.49700 17.389 0.020
4296.69354 17.399 0.016
4296.82719 17.381 0.021
4297.51655 17.341 0.019
4297.71817 17.394 0.014
4298.55144 17.399 0.018
4298.65716 17.386 0.017
4298.76304 17.407 0.022
4299.53445 17.452 0.016
4299.62745 17.464 0.017
4299.71965 17.464 0.016
4299.81422 17.503 0.023
4300.53013 17.593 0.021
4300.65020 17.568 0.018
4300.74572 17.596 0.019
4301.52100 17.728 0.022
4301.61676 17.748 0.021
4301.71788 17.794 0.023
4301.80771 17.840 0.025
4302.59398 17.993 0.028
4302.69417 18.016 0.029
4303.68000 18.255 0.039
4304.55411 18.351 0.049
4304.67224 18.295 0.045
4306.63808 18.194 0.038
4306.69341 18.233 0.041
4310.61727 17.495 0.027
4312.54955 17.518 0.024
4312.74800 17.466 0.020
4315.64052 17.396 0.022
4316.71371 17.478 0.022
4317.56179 17.582 0.019
4319.51904 18.021 0.037
4319.77388 18.180 0.037
4320.54586 18.251 0.033
4326.51310 17.727 0.022
4326.71029 17.668 0.026
4327.59176 17.535 0.023
4328.51854 17.517 0.023
4328.69657 17.501 0.021
4329.52829 17.430 0.019
4329.67616 17.443 0.021
4330.49940 17.391 0.018
4330.69269 17.399 0.019
4331.47955 17.375 0.022
4331.68841 17.377 0.020
4332.50933 17.404 0.017
4333.53041 17.510 0.022
4333.69154 17.503 0.025
4334.50379 17.682 0.063
4334.63200 17.627 0.059
4338.50363 18.332 0.045
4339.48098 18.291 0.044
4339.69743 18.375 0.067
4340.60129 18.249 0.043
4341.50429 18.093 0.044
4342.53348 17.898 0.028
4343.51231 17.638 0.019
4344.54055 17.518 0.027
4345.50573 17.480 0.018
4346.51843 17.384 0.020
4347.53314 17.351 0.018
4349.49479 17.414 0.020
4350.54143 17.503 0.018
4351.50732 17.627 0.021
4352.55786 17.912 0.035
4353.51122 18.157 0.032
4354.53991 18.356 0.034
4355.54256 18.306 0.038
4356.50794 18.262 0.035
4357.53702 18.157 0.037
4358.50004 17.995 0.037
4359.53760 17.865 0.026
4360.56694 17.627 0.025
4361.57036 17.501 0.027
4362.51211 17.453 0.024
4365.56297 17.376 0.024
4367.48900 17.513 0.019
4368.53264 17.666 0.028
4370.49667 18.089 0.034
4371.53510 18.292 0.035
4372.52084 18.304 0.032
4373.50704 18.297 0.046
4376.57174 17.778 0.036
4377.60896 17.577 0.028
4378.51953 17.526 0.021
4379.53457 17.496 0.027
4380.54607 17.390 0.018
4381.52475 17.383 0.024
4382.56729 17.369 0.022
4383.55782 17.462 0.023
4384.53200 17.540 0.023
4387.59148 18.202 0.042
4393.53185 17.742 0.027
4394.49934 17.566 0.023
4394.54721 17.569 0.025
4395.49780 17.489 0.026
4395.51864 17.516 0.025
4396.51064 17.422 0.027
4397.53493 17.355 0.023
4398.53987 17.336 0.022
4399.53253 17.404 0.027
4400.53460 17.492 0.036
4402.55102 17.774 0.037
4403.55008 18.061 0.046
4407.52599 18.217 0.052
4408.54087 18.172 0.053
4507.85625 18.185 0.046
4510.86176 17.701 0.025
4513.86288 17.482 0.018
4517.86201 17.455 0.029
4519.88299 17.787 0.022
4522.87688 18.236 0.045
4524.81274 18.249 0.044
4530.82038 17.522 0.018
4533.85623 17.445 0.020
4535.83897 17.662 0.024
4536.89666 17.884 0.024
4537.88230 18.144 0.026
4538.81739 18.273 0.037
4539.85545 18.331 0.036
4540.80164 18.265 0.032
4541.79438 18.197 0.029
4542.78905 18.099 0.036
4543.78457 17.836 0.024
4544.78148 17.626 0.024
4545.78780 17.509 0.021
4546.79492 17.504 0.020
4547.78888 17.404 0.018
4548.79984 17.427 0.023
4550.74290 17.464 0.024
4551.76607 17.552 0.021
4552.76206 17.741 0.063
4556.75813 18.320 0.034
4557.77535 18.285 0.034
4558.75229 18.189 0.028
4558.92209 18.174 0.041
4559.75021 18.022 0.025
4560.75033 17.838 0.022
4561.74039 17.583 0.020
4564.73057 17.431 0.017
4565.72866 17.357 0.015
4565.91953 17.391 0.015
4566.72811 17.400 0.016
4567.72116 17.477 0.018
4567.92699 17.458 0.023
4568.72972 17.577 0.020
4569.73882 17.717 0.023
4570.72942 18.025 0.030
4571.72408 18.294 0.043
4571.91264 18.300 0.033
4572.75158 18.337 0.033
4573.73996 18.305 0.037
4573.90631 18.293 0.029
4574.74234 18.222 0.038
4575.75142 18.132 0.033
4576.75794 17.965 0.027
4577.83964 17.681 0.024
4578.79067 17.499 0.025
4579.86759 17.470 0.029
4583.73438 17.401 0.023
4583.92718 17.409 0.018
4585.75808 17.610 0.024
4586.78329 17.776 0.028
4587.77104 17.969 0.028
4587.92958 18.145 0.042
4588.69350 18.186 0.037
4588.92436 18.214 0.033
4589.67641 18.267 0.035
4589.83181 18.262 0.035
4589.89383 18.312 0.038
4590.69919 18.325 0.037
4590.90384 18.279 0.036
4591.70769 18.259 0.034
4591.83314 18.224 0.030
4591.89968 18.189 0.033
4592.66630 18.180 0.043
4592.85558 18.134 0.038
4592.93393 18.084 0.037
4593.65547 17.923 0.029
4593.86516 17.937 0.026
4594.67648 17.709 0.022
4594.87150 17.650 0.022
4595.66598 17.524 0.019
4595.86041 17.534 0.019
4595.92227 17.501 0.020
4596.66120 17.485 0.020
4597.68564 17.383 0.018
4597.87715 17.370 0.017
4598.66193 17.369 0.014
4598.93062 17.359 0.019
4599.63440 17.320 0.019
4599.92496 17.321 0.019
4600.64366 17.388 0.015
4600.85238 17.406 0.017
4601.64923 17.484 0.017
4601.86546 17.493 0.016
4601.92735 17.511 0.019
4602.64185 17.596 0.018
4602.85129 17.639 0.018
4603.76932 17.877 0.028
4606.64313 18.248 0.041
4606.89822 18.283 0.043
4610.73931 17.897 0.024
4611.62860 17.702 0.027
4611.81948 17.664 0.021
4612.64998 17.587 0.023
4615.79173 17.408 0.019
4616.60074 17.371 0.020
4616.81725 17.400 0.017
4616.88724 17.416 0.020
4617.66973 17.391 0.016
4618.61250 17.579 0.020
4621.91328 18.262 0.032
4622.81092 18.366 0.042
4622.92225 18.416 0.064
4623.64476 18.414 0.036
4623.87002 18.426 0.050
4624.58999 18.347 0.045
4624.81413 18.267 0.037
4624.88050 18.269 0.033
4625.60409 18.189 0.038
4625.79444 18.271 0.042
4625.91093 18.200 0.047
4626.60257 18.072 0.033
4626.85789 18.017 0.036
4627.56305 17.850 0.027
4627.85235 17.791 0.019
4627.91960 17.805 0.022
4628.55033 17.630 0.022
4628.75659 17.610 0.020
4628.82206 17.589 0.020
4628.89194 17.584 0.022
4629.62775 17.526 0.017
4629.83037 17.493 0.019
4629.90837 17.501 0.021
4630.56366 17.488 0.022
4630.76952 17.527 0.019
4630.85288 17.481 0.019
4630.91564 17.483 0.022
4631.56505 17.426 0.016
4631.78081 17.412 0.015
4631.86750 17.448 0.019
4632.56886 17.385 0.018
4632.85560 17.377 0.019
4633.56884 17.370 0.018
4633.68034 17.402 0.016
4633.79608 17.399 0.018
4638.75387 18.251 0.040
4638.86409 18.305 0.048
4639.57641 18.337 0.043
4639.67421 18.395 0.041
4640.59594 18.289 0.035
4640.72810 18.284 0.033
4640.83311 18.301 0.044
4641.66993 18.180 0.034
4641.77989 18.243 0.037
4642.59382 18.150 0.032
4642.75635 18.110 0.029
4642.83142 18.189 0.040
4643.55162 17.999 0.032
4644.59896 17.754 0.026
4644.85795 17.692 0.022
4645.52206 17.578 0.028
4645.77050 17.552 0.021
4645.84521 17.501 0.023
4646.52006 17.499 0.019
4646.85247 17.517 0.021
4647.51645 17.509 0.024
4647.73950 17.435 0.023
4647.85053 17.480 0.023
4648.49962 17.413 0.021
4648.71609 17.375 0.018
4648.81712 17.389 0.020
4649.52569 17.365 0.021
4649.73440 17.390 0.015
4649.86080 17.373 0.020
4650.51165 17.387 0.021
4650.77559 17.399 0.017
4650.86931 17.418 0.023
4651.51503 17.486 0.025
4651.81016 17.507 0.024
4652.50607 17.555 0.023
4652.71920 17.606 0.020
4652.79409 17.616 0.022
4652.84382 17.642 0.029
4653.50241 17.790 0.032
4653.72160 17.819 0.024
4653.78680 17.904 0.033
4654.54123 18.089 0.030
4654.75269 18.140 0.032
4654.81778 18.154 0.051
4655.50227 18.285 0.048
4655.72677 18.388 0.032
4655.78855 18.316 0.039
4656.50422 18.356 0.032
4656.69398 18.306 0.038
4656.81322 18.435 0.052
4657.73013 18.252 0.042
4658.66269 18.206 0.035
4659.59670 18.168 0.044
4660.61501 17.939 0.028
4661.49227 17.768 0.028
4661.69295 17.692 0.028
4661.75444 17.643 0.036
4661.82164 17.689 0.037
4665.65972 17.373 0.024
4666.56516 17.321 0.019
4666.70824 17.345 0.020
4666.75039 17.338 0.022
4670.64986 17.904 0.027
4671.58536 18.090 0.025
4672.51088 18.316 0.032
4672.70334 18.323 0.035
4672.72562 18.288 0.034
4674.51396 18.320 0.043
4674.70707 18.273 0.037
4675.68161 18.174 0.032
4677.49057 17.935 0.025
4677.63697 17.851 0.026
4677.77947 17.870 0.029
4678.69395 17.690 0.020
4679.49619 17.551 0.026
4681.53198 17.410 0.018
4681.63200 17.413 0.018
4681.76420 17.429 0.019
4682.50298 17.331 0.016
4682.66031 17.365 0.015
4682.75551 17.383 0.017
4683.52150 17.361 0.020
4683.70842 17.343 0.017
4684.51402 17.422 0.018
4684.72774 17.446 0.017
4685.49899 17.530 0.024
4685.73396 17.556 0.022
4686.50273 17.688 0.022
4687.48649 17.888 0.026
4687.74200 17.954 0.032
4688.49942 18.117 0.037
4688.68924 18.178 0.033
4688.75105 18.190 0.042
4693.54697 18.068 0.032
4694.54225 17.884 0.039
4697.50290 17.491 0.019
4698.50839 17.407 0.016
4699.50456 17.370 0.017
4700.51083 17.390 0.017
4701.50612 17.450 0.019
4702.50463 17.544 0.020
4703.57515 17.768 0.023
4704.64488 18.025 0.027
4705.50828 18.222 0.032
4707.63863 18.336 0.034
4708.54152 18.256 0.042
4709.51762 18.151 0.042
4710.54724 18.058 0.030
4715.58658 17.379 0.021
4716.58898 17.384 0.026
4720.55614 17.776 0.028
4721.48767 17.998 0.044
4722.60096 18.316 0.042
4724.51004 18.282 0.048
4725.48885 18.220 0.048
4726.54976 18.099 0.046
4728.59487 17.741 0.029
4729.55037 17.554 0.025
4730.56906 17.531 0.020
4731.57363 17.422 0.018
4733.52530 17.389 0.019
4734.55466 17.425 0.021
4737.54558 17.840 0.028
4740.55610 18.293 0.041
4741.56379 18.263 0.038
4743.56944 18.086 0.036
4753.54962 17.760 0.032
4756.52846 18.322 0.052
4758.51130 18.288 0.050
4868.88180 17.484 0.022
4870.85255 17.785 0.032
4873.85454 18.436 0.046
4874.84898 18.356 0.050
4877.84883 18.031 0.029
4884.85638 17.447 0.018
4887.82847 17.895 0.023
4890.88445 18.456 0.040
4896.87268 17.526 0.017
4899.84360 17.382 0.018
4900.88502 17.406 0.017
4901.88342 17.507 0.018
4902.88214 17.531 0.019
4904.80623 17.945 0.028
4905.91023 18.193 0.045
4910.81218 18.044 0.033
4911.78274 17.920 0.022
4912.77967 17.713 0.017
4914.79673 17.586 0.017
4917.75776 17.415 0.016
4920.73782 17.745 0.019
4920.75032 17.716 0.019
4924.77886 18.314 0.032
4925.81881 18.258 0.029
4925.90587 18.255 0.027
4927.71851 18.100 0.039
4927.87299 17.999 0.030
4928.73498 17.841 0.027
4929.79125 17.619 0.020
4930.70575 17.560 0.024
4930.82468 17.562 0.023
4931.72058 17.470 0.023
4931.86625 17.511 0.021
4932.72363 17.461 0.019
4932.82430 17.437 0.016
4933.77197 17.416 0.022
4934.87519 17.472 0.022
4938.68096 18.014 0.034
4938.88559 18.108 0.036
4939.69987 18.229 0.038
4940.69986 18.364 0.035
4941.67863 18.333 0.038
4941.77660 18.270 0.036
4942.71640 18.204 0.029
4943.67043 18.163 0.027
4943.80994 18.130 0.029
4944.66726 18.013 0.026
4944.82270 17.962 0.023
4945.71570 17.767 0.021
4945.77218 17.740 0.019
4946.66535 17.530 0.019
4947.65907 17.535 0.017
4947.85730 17.537 0.018
4948.83959 17.485 0.015
4950.67748 17.414 0.017
4951.64774 17.447 0.019
4952.64597 17.530 0.020
4953.63960 17.672 0.023
4953.81417 17.650 0.021
4954.64114 17.881 0.026
4954.83401 17.925 0.024
4955.64184 18.114 0.038
4955.67654 18.136 0.034
4955.69574 18.164 0.030
4955.72772 18.117 0.034
4955.77521 18.162 0.033
4955.82073 18.129 0.030
4955.84252 18.181 0.039
